1753,
1840,
1908,
1985,
2055,
2126,
2201,
2260,
2334,
2410,
2483,
2535,
2592,
2656,
2708,
2758,
2803,
2842,
2898,
2932,
2983,
3000,
3041,
3066,
3101,
3114,
3134,
3134,
3134,
3134,
3134,
3134,
3134,
3134,
3134,
3134,
3114,
3100,
3062,
3040,
3001,
2984,
2935,
2897,
2849,
2804,
2760,
2710,
2650,
2592,
2535,
2480,
2411,
2333,
2262,
2196,
2122,
2054,
1987,
1909,
1842,
1753,
1680,
1615,
1546,
1458,
1379,
1313,
1242,
1164,
1093,
1031,
956,
882,
810,
749,
687,
628,
571,
521,
477,
433,
381,
351,
298,
273,
239,
215,
181,
166,
144,
142,
142,
142,
142,
142,
142,
142,
142,
155,
169,
179,
215,
238,
273,
297,
347,
380,
430,
475,
519,
569,
630,
684,
749,
812,
878,
954,
1035,
1096,
1164,
1238,
1309,
1379,
1462,
1545,
1620,
1682,
1752,
1842,
1909,
1984,
2054,
2125,
2196,
2259,
2336,
2407,
2482,
2534,
2592,
2646,
2708,
2759,
2801,
2851,
2894,
2938,
2979,
3004,
3042,
3065,
3101,
3116,
3134,
3134,
3134,
3134,
3134,
3134,
3134,
3134,
3134,
3134,
3117,
3105,
3069,
3045,
3007,
2979,
2937,
2895,
2851,
2805,
2757,
2708,
2648,
2591,
2537,
2480,
2411,
2337,
2262,
2199